[
255 6 17
187 4 255
100 19 75
67 19 0
78 90 65
234 50 78
130 46 98
125 62 203
180 45 32
67 255 76
255 6 17
187 4 255
100 19 75
67 19 0
78 90 65
234 50 78
130 46 98
125 62 203
180 45 32
67 255 76
255 6 17
187 4 255
100 19 75
67 19 0
78 90 65
234 50 78
130 46 98
125 62 203
180 45 32
67 255 76
]
[
92 157 100
245 30 98
74 106 186
157 0 3
123 45 67
70 255 135
255 46 7
207 120 26
34 4 204
104 94 64
92 157 100
245 30 98
74 106 186
157 0 3
123 45 67
70 255 135
255 46 7
207 120 26
34 4 204
104 94 64
92 157 100
245 30 98
74 106 186
157 0 3
123 45 67
70 255 135
255 46 7
207 120 26
34 4 204
104 94 64
]
